9.29188e-25, 2.099999999989225e-09
1.1395055340620303e-24, 2.0882977435509563e-09
1.3974274981575238e-24, 2.076647061629763e-09
1.713728941399325e-24, 2.0650480343665344e-09
2.1016237969138597e-24, 2.053500634625309e-09
2.5773169122930987e-24, 2.0420047690181913e-09
3.160681029662081e-24, 2.0305603080541664e-09
3.876086997146776e-24, 2.019167097949031e-09
4.7534218949821005e-24, 2.007824975832363e-09
5.829337609895658e-24, 1.996533767321556e-09
7.148782018700232e-24, 1.9852932885800463e-09
8.766876748421254e-24, 1.9741033512843334e-09
1.075121995900265e-23, 1.9629637630973346e-09
1.318471035054443e-23, 1.9518743355142902e-09
1.616901037190569e-23, 1.9408348862179932e-09
1.9828793311033824e-23, 1.9298452221616274e-09
2.4316951695130825e-23, 1.9189051541715463e-09
2.982098458882448e-23, 1.908014494317344e-09
3.65708306286177e-23, 1.897173057360726e-09
4.4848474029534446e-23, 1.886380656014575e-09
5.499972486826322e-23, 1.87563710188508e-09
6.744866578052558e-23, 1.8649422050813774e-09
8.271536860356484e-23, 1.854295774367475e-09
1.0143762110115803e-22, 1.843697624574181e-09
1.2439757143533592e-22, 1.8331475798646433e-09
1.5255440349470937e-22, 1.8226454569434369e-09
1.8708440813673166e-22, 1.812191066144451e-09
2.294301243758262e-22, 1.8017842267528756e-09
2.813606034589274e-22, 1.7914247559822559e-09
3.4504531344408246e-22, 1.7811124738986432e-09
4.2314477174877396e-22, 1.7708472034736115e-09
5.189216919688405e-22, 1.7606287699477783e-09
6.363772882810861e-22, 1.750456990105177e-09
7.80418431735758e-22, 1.7403316837306825e-09
9.570626416257065e-22, 1.730252678959472e-09
1.1736894757320574e-21, 1.7202197953524738e-09
1.4393488216238718e-21, 1.7102328545329562e-09
1.765138968310034e-21, 1.7002916851133846e-09
2.164670252712934e-21, 1.69039611378762e-09
2.6546336504408598e-21, 1.6805459617808991e-09
3.2554980645301613e-21, 1.670741060160944e-09
3.9923654423651046e-21, 1.6609812362850968e-09
4.89601944447522e-21, 1.6512663185189488e-09
6.004211474808994e-21, 1.6415961370724612e-09
7.363237798188955e-21, 1.6319705210314067e-09
9.029873631225362e-21, 1.6223893050836126e-09
1.1073745006029026e-20, 1.6128523200020107e-09
1.3580237494631705e-20, 1.6033593969156345e-09
1.665406331012616e-20, 1.5939103658174129e-09
2.0423635805141898e-20, 1.5845050561982337e-09
2.504643411842016e-20, 1.5751433006637496e-09
3.0715582085067653e-20, 1.56582493961647e-09
3.7667916253622713e-20, 1.5565498125778248e-09
4.61938800625795e-20, 1.5473177482127172e-09
5.664965751936861e-20, 1.5381285865494e-09
6.94720532831237e-20, 1.5289821626114941e-09
8.519674078740984e-20, 1.5198783158592793e-09
1.0448064074364058e-19, 1.510816883901793e-09
1.2812936491832125e-19, 1.5017977060611951e-09
1.5713087168611798e-19, 1.4928206224561258e-09
1.9269673936633056e-19, 1.4838854749032802e-09
2.3631278159386754e-19, 1.4749921041881504e-09
2.898011192522979e-19, 1.466140351845608e-09
3.5539630211040545e-19, 1.457330059689669e-09
4.35838660249582e-19, 1.448561070089102e-09
5.344887851678886e-19, 1.439833226009738e-09
6.55467923168293e-19, 1.4311463718790019e-09
8.03830146160321e-19, 1.4225003533386613e-09
9.857734925500277e-19, 1.4138950163159212e-09
1.2088988989229447e-18, 1.4053302075929194e-09
1.482527739751473e-18, 1.3968057731960963e-09
1.8180912407901036e-18, 1.388321560440997e-09
2.229608034445159e-18, 1.3798774174849953e-09
2.734269807659398e-18, 1.3714731908135596e-09
3.353159508567276e-18, 1.363108729099532e-09
4.112132116003577e-18, 1.3547838828526083e-09
5.04289476723793e-18, 1.3464985029560046e-09
6.184331367774961e-18, 1.3382524393697354e-09
7.58412702063841e-18, 1.3300455442355036e-09
9.300760137934255e-18, 1.321877668923462e-09
1.1405945457926301e-17, 1.3137486637346832e-09
1.3987630028063947e-17, 1.3056583804118897e-09
1.7153667315323827e-17, 1.2976066673869425e-09
2.1036322934939368e-17, 1.289593372779941e-09
2.579780023060935e-17, 1.2816183441254916e-09
3.1637016544989934e-17, 1.273681431398471e-09
3.879791326860441e-17, 1.2657824759581573e-09
4.757964683103251e-17, 1.2579213081517877e-09
5.834908637722241e-17, 1.25009775136101e-09
7.155614023675325e-17, 1.2423116104816927e-09
8.775255147063792e-17, 1.2345626653290966e-09
1.076149477057979e-16, 1.226850657843768e-09
1.3197310819613769e-16, 1.219175274776166e-09
1.6184462900604198e-16, 1.2115361186538595e-09
1.9847743450259879e-16, 1.2039326640832864e-09
2.4340191113331822e-16, 1.1963641939231887e-09
2.9849484145048176e-16, 1.1888297043769892e-09
3.6605780931500686e-16, 1.181327764831068e-09
4.489133517663531e-16, 1.1738563070705601e-09
5.505228744367056e-16, 1.1664123095113518e-09
6.751312565900134e-16, 1.1589913269184256e-09
8.279441868626947e-16, 1.1515867850963785e-09
1.0153456381534514e-15, 1.1441889285769966e-09
1.2451645669784827e-15, 1.1367832473422694e-09
1.5270019790289308e-15, 1.1293481309009124e-09
1.8726320245495342e-15, 1.1218513630507483e-09
2.296493879856369e-15, 1.1142448934517177e-09
2.81629496402872e-15, 1.1064570426909374e-09
3.453750690992303e-15, 1.0983808862719951e-09
4.23549166116684e-15, 1.0898569777537797e-09
5.19417619187202e-15, 1.0806477078581158e-09
6.369854663998475e-15, 1.0703993941849083e-09
7.81164268242498e-15, 1.0585865288225326e-09
9.579772948788013e-15, 1.0444304892032594e-09
1.1748111566444772e-14, 1.0267825944440777e-09
1.4407243899772615e-14, 1.0039595322790715e-09
1.766825890387342e-14, 9.735202961652009e-10
2.1667390020323686e-14, 9.31984231370284e-10
2.6571706518852232e-14, 8.745251747366976e-10
3.258609304866644e-14, 7.947739273585058e-10
3.9961808979900225e-14, 6.851064479228667e-10
4.900698511358959e-14, 5.383858179475061e-10
6.009949627484527e-14, 3.535127811683178e-10
7.370274755972594e-14, 1.503446121157259e-10
9.038503372824938e-14, 6.8745564585116785e-12
1.1084328050913648e-13, 1.482271345257644e-10
1.3593215964234425e-13, 1.1547079302663353e-09
1.6669979398082496e-13, 4.441034867993152e-09
2.0443154428183586e-13, 1.334940097427313e-08
2.507037069419743e-13, 3.5624875753156166e-08
3.074493659735655e-13, 8.898859434045617e-08
3.7703915028039443e-13, 2.1361488966969574e-07
4.62380269980408e-13, 4.998873105936327e-07
5.670379691556187e-13, 1.1496309499970617e-06
6.953844688869453e-13, 2.6094386292552307e-06
8.527816228765982e-13, 5.8553195773979164e-06
1.0458049163509208e-12, 1.300634190947982e-05
1.2825181661097152e-12, 2.853969918657188e-05
1.5728103976989674e-12, 6.178340676502658e-05
1.928808973219927e-12, 0.0001311899043382831
2.3653862287638363e-12, 0.00027202080678652603
2.9007807869564577e-12, 0.0005471402234560968
3.5573595008089837e-12, 0.0010567487951525798
4.362551860140232e-12, 0.0019383292594538151
5.349995896699488e-12, 0.003333853305873636
6.560943459771571e-12, 0.005302385849266341
8.045983569608908e-12, 0.007661092095728342
9.867155844179571e-12, 0.009955021245612742
1.2100542290575358e-11, 0.011596005882636153
1.4839445736774764e-11, 0.012303859590815421
1.819828768717209e-11, 0.012277756079721657
2.231738844021385e-11, 0.011918582327159604
2.736882916421186e-11, 0.011452812687583441
3.3563640827709503e-11, 0.010926720476812746
4.116062031197703e-11, 0.010363253919575401
5.0477142011007326e-11, 0.009712278519655126
6.190241658865336e-11, 0.008929752196922174
7.591375079594634e-11, 0.008011612015395622
9.309648762509504e-11, 0.007007892702978676
1.141684598278639e-10, 0.00607342013360192
1.4000997837809962e-10, 0.005360047448375811
1.717006086881763e-10, 0.004906234344198217
2.1056427095700352e-10, 0.0046060979356065046
2.5822454877941013e-10, 0.0043449315011207445
3.1667251661107206e-10, 0.004092898751203301
3.8834991967574604e-10, 0.0038541703908032015
4.762511812712346e-10, 0.003628483782996495
5.840484989713079e-10, 0.0034151726175823127
7.162452557915383e-10, 0.0032137976358916132
8.783641552841115e-10, 0.003023882963953671
1.0771779401670776e-09, 0.0028449171398414927
1.3209923330799785e-09, 0.0026763656192965103
1.6199930197098432e-09, 0.0025176858958981673
1.986671169990602e-09, 0.0023683401254396847
2.4363452741165206e-09, 0.0022278056414153737
2.987801093795499e-09, 0.0020955823117004045
3.664076463596776e-09, 0.0019711909012159884
4.493423728561868e-09, 0.0018541729694706414
5.51049002524989e-09, 0.0017440946235668736
6.757764714100777e-09, 0.0016405467604565958
8.287354431618743e-09, 0.0015431436641639954
1.0163159917651817e-08, 0.0014515217972132734
1.246354555775754e-08, 0.0013653387122394148
1.5284613164503807e-08, 0.0012842719855308065
1.8744216764475506e-08, 0.0012080181418948346
2.2986886114304257e-08, 0.0011362916019242472
2.81898646324569e-08, 0.0010688236791371727
3.457051398978896e-08, 0.001005361589525404
4.239539469594247e-08, 0.0009456675293793674
5.199140203572424e-08, 0.000889517795180055
6.375942257471226e-08, 0.0008367019591535767
7.819108175362168e-08, 0.0007870220805136986
9.588928222550036e-08, 0.0007402919641912023
1.1759339095338471e-07, 0.0006963364671702416
1.442101272944785e-07, 0.0006549908464902718
1.7685144246357921e-07, 0.0006161001405142432
2.1688097284306454e-07, 0.0005795185842143618
2.6597100779113385e-07, 0.000545109066362489
3.261723518578077e-07, 0.0005127426186548168
4e-07, 0.00048229792307592756
